100
4
10 5 15 5
2
100 100
8
81 81 81 81 81 81 81 0
6
23 90 40 0 100 9
2
0 0
10
100 0 100 0 100 0 100 0 100 0
10
100 100 100 100 100 100 100 100 100 0
5
57 7 24 70 6
6
18 71 61 15 48 84
7
52 83 51 1 93 97 29
8
93 58 74 90 30 85 2 40
9
56 5 31 59 5 20 96 62 66
10
12 51 55 43 18 12 92 12 95 90
10
74 83 94 45 45 79 17 19 0 18
10
70 96 38 81 71 38 20 12 27 80
10
35 99 0 6 11 76 50 96 57 33
10
12 46 66 64 9 4 72 33 85 1
10
63 96 7 40 71 69 55 56 50 64
10
70 71 50 41 87 64 65 68 59 58
10
18 38 17 84 38 33 45 70 6 22
10
38 60 93 10 59 44 63 55 12 39
10
27 46 11 92 87 72 41 19 4 32
10
23 78 85 9 41 46 21 82 26 71
10
61 60 31 53 34 0 1 7 71 74
10
53 84 77 16 5 28 88 76 52 88
10
17 25 20 93 18 79 60 72 43 8
10
20 9 95 68 65 36 4 75 95 71
10
49 33 4 63 27 22 59 77 32 75
10
28 34 73 58 79 8 15 56 23 36
10
14 64 8 49 90 17 5 95 38 47
10
85 5 83 96 29 35 91 30 29 99
10
76 86 46 97 1 27 83 72 46 66
10
40 88 94 42 66 21 90 93 53 16
10
16 27 97 20 50 53 72 93 43 56
10
7 77 99 0 40 59 69 79 49 52
10
18 54 4 51 2 18 49 13 19 92
10
85 22 21 24 4 30 57 97 41 70
10
39 62 62 6 96 17 77 7 32 38
10
25 53 18 70 56 81 4 54 13 38
10
32 49 9 11 81 17 40 69 51 96
10
94 25 74 12 38 22 69 16 5 74
10
68 76 64 53 18 9 21 64 77 37
10
12 35 90 54 51 22 55 88 98 95
10
9 47 7 61 8 28 37 64 14 32
10
21 94 34 98 41 43 70 17 48 16
10
30 82 89 62 75 79 8 62 15 86
10
13 56 73 15 22 96 9 43 41 13
10
23 76 3 78 27 72 0 13 39 79
10
29 0 40 98 62 26 79 17 79 87
10
67 85 87 58 73 88 84 19 44 94
10
0 42 98 45 74 74 20 62 36 6
10
51 78 50 27 80 59 52 87 18 61
10
28 2 35 73 83 32 0 41 7 30
10
12 85 27 98 13 74 26 46 60 78
10
5 78 22 42 76 75 39 9 85 26
10
84 10 44 72 76 59 18 20 7 16
10
35 10 67 77 49 53 57 20 53 63
10
1 84 21 13 39 4 13 7 16 95
10
73 82 83 90 32 40 32 43 95 41
10
61 79 24 58 65 20 25 10 22 29
10
72 76 70 45 39 40 71 84 4 5
10
14 31 47 65 28 90 16 67 58 89
10
8 77 74 98 78 96 55 47 62 83
10
8 79 9 73 36 46 57 14 74 16
10
72 24 9 88 14 83 52 55 20 66
10
51 14 1 19 15 26 16 18 49 43
10
95 1 63 62 14 43 1 36 36 56
10
34 92 6 23 80 58 62 26 35 78
10
30 49 10 54 50 91 85 7 92 43
10
33 91 47 72 59 13 60 70 94 16
10
55 46 32 62 31 10 63 53 77 66
10
9 24 7 64 77 71 1 34 99 75
10
49 59 74 2 30 3 80 40 31 63
10
6 33 50 5 69 20 58 48 80 55
10
88 87 45 93 47 4 48 50 69 39
10
47 10 17 2 65 19 31 50 77 31
10
75 91 15 17 82 45 43 86 87 3
10
83 54 51 25 28 84 98 37 23 28
10
3 59 27 59 35 52 44 3 31 54
10
81 57 77 93 22 46 84 1 22 69
10
77 46 63 10 55 85 73 3 34 71
10
56 20 74 20 33 35 82 55 22 2
10
54 25 99 25 82 49 5 0 38 56
10
82 1 62 9 92 45 0 11 13 89
10
73 40 15 3 44 44 39 44 88 43
10
24 21 23 61 58 36 31 49 65 5
10
36 14 73 21 51 67 18 85 82 21
10
79 40 65 28 3 65 68 40 74 75
10
47 83 27 73 60 31 41 8 76 42
10
78 38 98 76 85 49 34 92 13 15
10
96 52 1 65 26 47 72 21 3 92
10
62 3 3 16 6 90 39 90 69 98
10
53 22 94 86 86 99 37 56 15 62
10
13 15 17 38 95 68 31 31 22 50
10
57 38 10 6 85 50 31 87 88 61
10
26 76 37 99 81 59 58 20 45 42
10
58 95 61 83 57 67 64 97 36 82
10
47 50 99 13 96 26 85 23 73 77
10
60 25 84 86 31 39 54 2 77 72
10
4 7 9 6 66 40 41 14 52 89
