100
1
19
23
110
11111
10100
90
989999
2100
9
10
200
31
123456
100001
11001
9999
10101
990000
99000
524288
2200
10011
1099
890123
11110
999901
10999
999999
999
900000
11
2000
102
900001
999900
91
32
101000
999899
2101
99001
10111
2
1101
321098
1100
12000
11011
64
2002
999989
99
10010
22
11101
100
901
1000
2201
1999
21
20
12
987654
1001
29
11010
8
32768
998999
999991
19
11100
999000
101
999998
101001
10001
11000
10110
1110
1000000
990001
4096
201
654321
30
100000
199
1998
999001
900
1111
10000
899999
111
12001
999990
2001
