100
2
350 1 988799941
271 1 581496480
2
294 1 540356869
78 1 587263213
2
150 1 894604096
338 1 238763453
2
162 1 371233942
65 1 804437116
2
27 1 414561501
272 1 676941615
2
171 1 832750015
277 1 317857328
2
169 1 63770403
120 1 50909437
2
100 1 560821259
347 1 935483646
2
94 1 799135609
175 1 559232977
2
337 1 765136628
147 1 999072715
2
281 1 377040604
69 1 938429757
2
95 1 983002492
38 1 887479226
2
96 1 616260279
291 1 938289715
2
152 1 79791292
331 1 75459312
2
42 1 56590660
224 1 201676420
2
180 1 1
180 1 100000
2
61 1 566850773
7 1 683168592
2
20 1 77311913
32 1 433403139
2
285 1 749787788
22 1 230971204
2
328 1 65692673
300 1 755153054
2
309 1 368038863
278 1 558849553
2
335 1 447288580
8 1 846193696
2
280 1 904155069
318 1 992017763
2
4 1 272388235
80 1 770050275
2
75 1 65040533
358 1 363988360
2
153 1 745571583
144 1 120169800
2
257 1 23614632
151 1 46381370
2
243 1 128573105
64 1 642680497
2
101 1 119431358
229 1 752787104
2
109 1 46013541
3 1 17761779
2
306 1 133973978
18 1 793314795
2
157 1 71133
359 1 40000
2
283 1 906580259
322 1 925320492
2
225 1 759650701
154 1 956336527
2
198 1 274315
301 1 375033710
2
159 1 455832179
179 1 579528190
2
29 1 230894838
111 1 867518995
2
316 1 618232810
143 1 884632545
2
238 1 461395343
203 1 474065457
2
258 1 284026155
130 1 965002893
2
120 1 510370532
218 1 334011936
2
346 1 379651599
197 1 843063744
2
215 1 360304821
97 1 5477476
2
231 1 137944303
241 1 765320563
2
350 1 374804098
132 1 5235105
2
303 1 373924916
113 1 572950802
2
148 1 464009216
207 1 30664555
2
165 1 132996393
17 1 414450490
2
204 1 81582131
171 1 11036634
2
118 1 889852383
152 1 420970326
2
120 1 622349018
345 1 808174208
2
276 1 504714168
135 1 888013817
2
59 1 147914864
196 1 201092787
2
146 1 437933830
37 1 491014724
2
353 1 467917839
286 1 131415349
2
205 1 923322514
196 1 694894184
2
340 1 147026188
178 1 592818982
2
64 1 198884531
51 1 780781161
2
309 1 993323636
123 1 93861970
2
92 1 729317849
341 1 514173936
2
193 1 315732347
78 1 343826432
2
253 1 355429770
150 1 934438135
2
334 1 98827125
68 1 617085450
2
358 1 433536754
185 1 296264404
2
57 1 330992083
259 1 357725645
2
20 1 715094245
93 1 86253677
2
11 1 230504349
352 1 352877877
2
114 1 474400290
41 1 175055085
2
50 1 132861543
155 1 262484698
2
85 1 438503469
229 1 603677073
2
299 1 118800336
283 1 351512010
2
252 1 282980575
244 1 23225094
2
69 1 344585134
265 1 628113148
2
76 1 483486742
284 1 692168135
2
356 1 400000000
51 1 471197411
2
188 1 994991769
161 1 881131374
2
355 1 403079674
285 1 825346285
2
235 1 946444008
139 1 329280970
2
150 1 154522583
101 1 994494801
2
223 1 464532691
40 1 718346086
2
199 1 248808661
131 1 671039370
2
180 1 30
180 1 10
2
159 1 410701161
259 1 886338115
2
246 1 169619401
262 1 304497907
2
59 1 613292110
44 1 307770783
2
50 1 448838218
315 1 629568454
2
133 1 593167941
210 1 61306732
2
303 1 834420988
172 1 609532145
2
188 1 371238504
166 1 781144142
2
301 1 276487969
160 1 1000000000
2
117 1 719288615
271 1 567286074
2
224 1 690331908
76 1 581311644
2
29 1 109694271
303 1 542518721
2
316 1 226451312
353 1 292547236
2
244 1 73398117
356 1 325248315
2
294 1 101245828
318 1 594067465
1
180 2 1
2
30 1 555263619
77 1 884105778
2
88 1 270830427
297 1 13861647
2
227 1 506511070
214 1 260823878
